# 1) phi1 (deg)
# 2) density (deg)
-88.0 258
-86.0 288
-84.0 279
-82.0 262
-80.0 276
-78.0 272
-76.0 287
-74.0 275
-72.0 260
-70.0 265
-68.0 282
-66.0 277
-64.0 245
-62.0 275
-60.0 304
-58.0 273
-56.0 360
-54.0 353
-52.0 263
-50.0 557
-48.0 514
-46.0 1155
-44.0 1187
-42.0 500
-40.0 491
-38.0 290
-36.0 378
-34.0 386
-32.0 289
-30.0 355
-28.0 310
-26.0 311
-24.0 318
-22.0 281
-20.0 297
-18.0 307
-16.0 310
-14.0 305
-12.0 332
-10.0 314
-8.0 305
-6.0 327
-4.0 302
-2.0 304
0.0 315
2.0 250
4.0 263
6.0 236
8.0 203
10.0 179
12.0 145
14.0 113
16.0 90
18.0 85
20.0 60
22.0 59
24.0 26
26.0 21
28.0 24
30.0 16
