# 1) phi1 (deg)
# 2) density (deg)
-88.0 83
-86.0 88
-84.0 145
-82.0 177
-80.0 203
-78.0 270
-76.0 327
-74.0 425
-72.0 489
-70.0 497
-68.0 495
-66.0 554
-64.0 533
-62.0 559
-60.0 547
-58.0 516
-56.0 597
-54.0 603
-52.0 449
-50.0 723
-48.0 659
-46.0 1255
-44.0 1348
-42.0 639
-40.0 645
-38.0 446
-36.0 524
-34.0 532
-32.0 491
-30.0 502
-28.0 482
-26.0 510
-24.0 489
-22.0 517
-20.0 533
-18.0 445
-16.0 330
-14.0 255
-12.0 199
-10.0 135
-8.0 128
-6.0 89
-4.0 77
-2.0 80
0.0 48
2.0 33
4.0 28
6.0 15
8.0 15
10.0 14
12.0 11
14.0 10
16.0 8
18.0 6
20.0 12
22.0 3
24.0 5
26.0 9
28.0 6
30.0 11
