# 1) phi1 (deg)
# 2) density (deg)
-88.0 75
-86.0 91
-84.0 132
-82.0 153
-80.0 146
-78.0 211
-76.0 284
-74.0 343
-72.0 374
-70.0 455
-68.0 453
-66.0 479
-64.0 383
-62.0 394
-60.0 441
-58.0 383
-56.0 472
-54.0 515
-52.0 443
-50.0 768
-48.0 625
-46.0 1265
-44.0 1327
-42.0 573
-40.0 641
-38.0 468
-36.0 546
-34.0 520
-32.0 443
-30.0 498
-28.0 455
-26.0 423
-24.0 400
-22.0 400
-20.0 429
-18.0 424
-16.0 377
-14.0 324
-12.0 241
-10.0 187
-8.0 188
-6.0 138
-4.0 118
-2.0 91
0.0 82
2.0 56
4.0 50
6.0 38
8.0 24
10.0 25
12.0 24
14.0 20
16.0 23
18.0 17
20.0 21
22.0 22
24.0 24
26.0 19
28.0 12
30.0 22
