# 1) phi1 (deg)
# 2) density (deg)
-88.0 71
-86.0 97
-84.0 127
-82.0 144
-80.0 148
-78.0 202
-76.0 294
-74.0 357
-72.0 390
-70.0 459
-68.0 451
-66.0 475
-64.0 382
-62.0 398
-60.0 453
-58.0 423
-56.0 506
-54.0 574
-52.0 453
-50.0 719
-48.0 620
-46.0 1280
-44.0 1333
-42.0 647
-40.0 690
-38.0 448
-36.0 485
-34.0 507
-32.0 484
-30.0 462
-28.0 397
-26.0 450
-24.0 482
-22.0 471
-20.0 486
-18.0 423
-16.0 353
-14.0 291
-12.0 247
-10.0 179
-8.0 166
-6.0 129
-4.0 109
-2.0 99
0.0 61
2.0 54
4.0 44
6.0 26
8.0 22
10.0 19
12.0 23
14.0 18
16.0 36
18.0 21
20.0 13
22.0 22
24.0 12
26.0 19
28.0 22
30.0 19
