# 1) phi1 (deg)
# 2) density (deg)
-88.0 92
-86.0 127
-84.0 160
-82.0 175
-80.0 184
-78.0 281
-76.0 350
-74.0 409
-72.0 405
-70.0 427
-68.0 390
-66.0 419
-64.0 322
-62.0 364
-60.0 377
-58.0 344
-56.0 418
-54.0 460
-52.0 359
-50.0 779
-48.0 701
-46.0 1277
-44.0 1278
-42.0 518
-40.0 543
-38.0 345
-36.0 431
-34.0 460
-32.0 486
-30.0 586
-28.0 485
-26.0 402
-24.0 363
-22.0 353
-20.0 362
-18.0 278
-16.0 207
-14.0 196
-12.0 150
-10.0 127
-8.0 137
-6.0 123
-4.0 114
-2.0 123
0.0 80
2.0 62
4.0 53
6.0 38
8.0 32
10.0 22
12.0 18
14.0 15
16.0 23
18.0 18
20.0 10
22.0 18
24.0 21
26.0 16
28.0 22
30.0 23
