# 1) phi1 (deg)
# 2) density (deg)
-88.0 80
-86.0 88
-84.0 131
-82.0 142
-80.0 155
-78.0 215
-76.0 297
-74.0 360
-72.0 392
-70.0 464
-68.0 466
-66.0 463
-64.0 378
-62.0 408
-60.0 444
-58.0 446
-56.0 519
-54.0 586
-52.0 456
-50.0 706
-48.0 618
-46.0 1285
-44.0 1365
-42.0 657
-40.0 656
-38.0 450
-36.0 499
-34.0 537
-32.0 460
-30.0 451
-28.0 392
-26.0 484
-24.0 494
-22.0 483
-20.0 502
-18.0 406
-16.0 354
-14.0 292
-12.0 234
-10.0 174
-8.0 170
-6.0 117
-4.0 96
-2.0 94
0.0 67
2.0 47
4.0 42
6.0 31
8.0 25
10.0 29
12.0 17
14.0 24
16.0 13
18.0 15
20.0 29
22.0 17
24.0 20
26.0 13
28.0 13
30.0 19
