#phi1 phi2    e_phi2  phi2width e_phi2width
-53 	-0.28  0.12 	0.06  0.13 
-51 	-0.09  0.09 	0.35  0.25 
-49 	-0.03  0.10 	0.35  0.23 
-47 	-0.01  0.09 	0.35  0.23 
-45 	0.01   0.10 	0.35  0.20 
-43 	-0.05  0.17 	0.16  0.29 
-41 	-0.05  0.19 	0.22  0.22 
-39 	-0.02  0.16 	0.10  0.18 
-37 	0.00  0.11 	0.10  0.12 
-35 	0.04  0.10 	0.13  0.11 
-33 	0.05  0.09 	0.15  0.11 
-31 	0.05  0.08 	0.15  0.10 
-29 	0.04  0.08 	0.17  0.10 
-27 	0.04  0.09 	0.19  0.15 
-25 	0.06  0.10 	0.18  0.15 
-23 	0.08  0.10 	0.16  0.14 
-21 	0.08  0.14 	0.24  0.29 
-19 	0.09  0.19 	0.35  0.88 
-17 	-0.04  0.11 	0.14  0.14 
-15 	-0.08  0.08 	0.13  0.10 
-13 	-0.14  0.08 	0.13  0.10 
-11 	-0.21  0.18 	0.23  0.39 
