-99.5 260
-98.5 255
-97.5 282
-96.5 270
-95.5 285
-94.5 305
-93.5 300
-92.5 337
-91.5 347
-90.5 343
-89.5 342
-88.5 424
-87.5 372
-86.5 395
-85.5 392
-84.5 462
-83.5 406
-82.5 434
-81.5 440
-80.5 432
-79.5 437
-78.5 440
-77.5 451
-76.5 439
-75.5 445
-74.5 448
-73.5 478
-72.5 490
-71.5 456
-70.5 502
-69.5 475
-68.5 466
-67.5 481
-66.5 473
-65.5 453
-64.5 526
-63.5 495
-62.5 489
-61.5 523
-60.5 511
-59.5 495
-58.5 541
-57.5 554
-56.5 570
-55.5 537
-54.5 579
-53.5 574
-52.5 659
-51.5 578
-50.5 655
-49.5 603
-48.5 588
-47.5 642
-46.5 647
-45.5 629
-44.5 607
-43.5 702
-42.5 650
-41.5 638
-40.5 646
-39.5 616
-38.5 643
-37.5 606
-36.5 639
-35.5 629
-34.5 647
-33.5 630
-32.5 614
-31.5 662
-30.5 683
-29.5 721
-28.5 731
-27.5 722
-26.5 743
-25.5 750
-24.5 728
-23.5 742
-22.5 716
-21.5 702
-20.5 667
-19.5 686
-18.5 641
-17.5 672
-16.5 675
-15.5 680
-14.5 684
-13.5 680
-12.5 723
-11.5 746
-10.5 754
-9.5 779
-8.5 841
-7.5 915
-6.5 949
-5.5 1021
-4.5 1064
-3.5 1099
-2.5 1109
-1.5 1104
-0.5 1058
0.5 1025
1.5 1095
2.5 1135
3.5 1132
4.5 1193
5.5 1280
6.5 1339
7.5 1365
8.5 1300
9.5 1309
10.5 1433
11.5 1306
12.5 1301
13.5 1252
14.5 1245
15.5 1179
16.5 1221
17.5 1223
18.5 1243
19.5 1219
