-99.5 222
-98.5 271
-97.5 255
-96.5 301
-95.5 291
-94.5 336
-93.5 363
-92.5 401
-91.5 414
-90.5 394
-89.5 424
-88.5 438
-87.5 454
-86.5 506
-85.5 490
-84.5 490
-83.5 539
-82.5 606
-81.5 639
-80.5 655
-79.5 696
-78.5 765
-77.5 724
-76.5 740
-75.5 763
-74.5 736
-73.5 738
-72.5 652
-71.5 627
-70.5 626
-69.5 626
-68.5 679
-67.5 645
-66.5 606
-65.5 607
-64.5 582
-63.5 601
-62.5 570
-61.5 579
-60.5 536
-59.5 492
-58.5 495
-57.5 469
-56.5 478
-55.5 546
-54.5 538
-53.5 649
-52.5 633
-51.5 689
-50.5 650
-49.5 627
-48.5 606
-47.5 605
-46.5 585
-45.5 567
-44.5 587
-43.5 587
-42.5 595
-41.5 587
-40.5 569
-39.5 498
-38.5 445
-37.5 449
-36.5 507
-35.5 596
-34.5 675
-33.5 760
-32.5 813
-31.5 781
-30.5 769
-29.5 763
-28.5 669
-27.5 646
-26.5 619
-25.5 557
-24.5 526
-23.5 482
-22.5 464
-21.5 466
-20.5 424
-19.5 454
-18.5 441
-17.5 426
-16.5 418
-15.5 433
-14.5 435
-13.5 439
-12.5 449
-11.5 480
-10.5 507
-9.5 555
-8.5 637
-7.5 652
-6.5 748
-5.5 847
-4.5 961
-3.5 1079
-2.5 880
-1.5 1224
-0.5 1183
0.5 1188
1.5 1171
2.5 1143
3.5 1185
4.5 1169
5.5 1228
6.5 1448
7.5 1392
8.5 1516
9.5 1713
10.5 1791
11.5 1751
12.5 1856
13.5 1891
14.5 1815
15.5 1552
16.5 1237
17.5 1266
18.5 1385
19.5 1365
