phi1mid  phi2    e_phi2  phi2width e_phi2width surf_bright e_surf_bright lindens e_lindens 
-90.0   -3.8332  0.1321   0.4211  0.1879   3.7714  0.8200  1.9904 0.7627
-88.0   -3.7391  0.1612   0.4074  0.2503   2.3746  0.7147  1.2126 0.6408
-86.0   -3.4742  0.1966   0.4141  0.2551   1.9352  0.6198  1.0044 0.5430
-84.0   -3.4322  0.6867   0.7390  0.8723   2.5333  2.7980  2.3463 3.2482
-82.0   -2.4585  0.7124   1.0607  0.0000   2.5098  0.6673  3.3363 0.8871
-80.0   -1.8027  0.2348   0.5750  0.3611   1.9276  0.4871  1.3892 0.7098
-78.0   -1.7258  0.1027   0.3439  0.0925   2.8412  0.6245  1.2244 0.3560
-76.0   -1.7216  0.0866   0.3006  0.0635   3.1958  0.6543  1.2041 0.3052
-74.0   -1.6203  0.0864   0.3004  0.0631   3.1410  0.6460  1.1825 0.3000
-72.0   -1.5118  0.0793   0.2956  0.0585   3.3234  0.6705  1.2314 0.3024
-70.0   -1.4516  0.0689   0.2739  0.0439   3.3651  0.6913  1.1550 0.2711
-68.0   -1.3796  0.0787   0.2785  0.0560   2.7573  0.6456  0.9626 0.2637
-66.0   -1.2230  0.1452   0.3015  0.1281   1.6786  0.5440  0.6342 0.2803
-64.0   -0.6910  0.0788   0.2217  0.0590   3.0497  0.7946  0.8475 0.2724
-62.0   -0.6512  0.0555   0.2080  0.0399   4.7949  0.9849  1.2497 0.3077
-60.0   -0.6113  0.0518   0.1997  0.0330   5.4475  1.0303  1.3638 0.3032
-58.0   -0.4691  0.0537   0.2048  0.0341   5.2320  0.9848  1.3429 0.2981
-56.0   -0.3423  0.0540   0.2496  0.0427   6.1604  1.0459  1.9270 0.4018
-54.0   -0.1896  0.0371   0.2302  0.0278  10.8151  1.4319  3.1203 0.4914
-52.0   -0.1206  0.0297   0.2241  0.0225  16.4852  1.8024  4.6298 0.6036
-50.0   -0.0714  0.0271   0.2250  0.0208  19.5831  1.9736  5.5215 0.6632
-48.0   -0.0203  0.0273   0.2263  0.0211  18.7976  1.9311  5.3311 0.6506
-46.0    0.0365  0.0304   0.2222  0.0232  15.3509  1.7592  4.2754 0.5829
-44.0    0.1043  0.0355   0.2077  0.0272  11.9991  1.6198  3.1232 0.5113
-42.0    0.1954  0.0381   0.2101  0.0264  10.0966  1.3863  2.6586 0.4346
-40.0    0.2221  0.0465   0.2234  0.0338   8.2674  1.2772  2.3147 0.4349
-38.0    0.2012  0.0463   0.2084  0.0363   8.4200  1.3811  2.1998 0.4510
-36.0    0.1447  0.0348   0.1619  0.0298  11.2343  1.8903  2.2789 0.4847
-34.0    0.1258  0.0262   0.1371  0.0225  15.4891  2.4084  2.6606 0.5160
-32.0    0.1219  0.0223   0.1344  0.0188  18.8706  2.6474  3.1785 0.5459
-30.0    0.1261  0.0211   0.1411  0.0175  20.0305  2.6164  3.5416 0.5569
-28.0    0.1332  0.0209   0.1390  0.0167  20.1736  2.6038  3.5153 0.5432
-26.0    0.1362  0.0219   0.1379  0.0175  18.6406  2.5124  3.2220 0.5213
-24.0    0.1264  0.0256   0.1496  0.0213  14.8772  2.2011  2.7895 0.4991
-22.0    0.0956  0.0342   0.1735  0.0306  10.4539  1.7811  2.2727 0.4799
-20.0    0.0315  0.0394   0.1764  0.0363   8.7519  1.6665  1.9351 0.4637
-18.0   -0.0238  0.0314   0.1398  0.0278  11.7849  2.1507  2.0646 0.4757
-16.0   -0.0342  0.0247   0.1312  0.0217  17.1890  2.6420  2.8270 0.5455
-14.0   -0.0521  0.0223   0.1362  0.0194  21.2617  2.8640  3.6282 0.6104
-12.0   -0.0941  0.0235   0.1549  0.0201  20.8991  2.6305  4.0577 0.6325
-10.0   -0.1635  0.0280   0.1814  0.0235  17.1360  2.1827  3.8956 0.6115
 -8.0   -0.2677  0.0373   0.2177  0.0321  12.5662  1.7279  3.4284 0.5915
 -6.0   -0.4213  0.0521   0.2659  0.0456   8.9804  1.3454  2.9923 0.5767
 -4.0   -0.6978  0.0685   0.3036  0.0631   7.3779  1.2146  2.8075 0.6197
 -2.0   -0.9285  0.0569   0.3074  0.0559   9.4250  1.3750  3.6312 0.7061
  0.0   -1.0937  0.0436   0.2590  0.0414  12.8091  1.7122  4.1576 0.7279
  2.0   -1.2412  0.0467   0.2652  0.0426  12.6822  1.6979  4.2153 0.7404
  4.0   -1.3660  0.0526   0.3127  0.0494  11.3820  1.4755  4.4600 0.7632
  6.0   -1.5486  0.0524   0.2432  0.0505  10.3693  1.7007  3.1606 0.6960
  8.0   -1.6354  0.0487   0.1881  0.0462   9.6787  1.9087  2.2816 0.5998
 10.0   -1.6637  0.0536   0.1578  0.0504   7.9378  1.9661  1.5700 0.5262
 12.0   -1.7278  0.0582   0.0957  0.0547   6.0833  2.4916  0.7298 0.4198
 14.0   -1.7632  0.0712   0.0827  0.0679   4.5747  2.5834  0.4744 0.3840
 18.0   -2.5943  0.0711   0.0909  0.0690   4.4743  2.3771  0.5096 0.3848
 20.0   -2.6180  0.0617   0.0695  0.0588   4.7670  2.7888  0.4152 0.3473
 22.0   -4.5791  0.0787   0.0716  0.0785   3.6348  2.6366  0.3263 0.3465
 24.0   -4.5473  0.0978   0.1059  0.0990   3.6425  2.2459  0.4835 0.4370
 26.0   -4.7321  0.2748   0.2371  0.2981   2.0858  1.5255  0.6198 0.7136
 28.0   -5.1417  0.2043   0.1768  0.2187   2.6315  1.9835  0.5832 0.6734
 30.0   -5.3138  0.2134   0.1855  0.2225   2.8411  2.0707  0.6606 0.7388
